Time,Condition 1,Time,Condition 2,Time,Condition 3,Time,Condition 4
0.0,5.9271,0.0,5.9703,0.0,6.0128,0.0,5.9365
2.0,7.3032,2.0,5.1761,2.0,7.8460,2.0,1.1997
4.0,8.2232,4.0,5.2715,4.0,8.0866,4.0,1.2895
6.0,8.1449,6.0,5.2917,6.0,8.4846,6.0,1.0000
8.0,8.9738,8.0,5.3132,8.0,8.1918,8.0,1.0000
10.0,8.7115,10.0,5.4975,10.0,8.1820,10.0,1.0000
12.0,8.6312,12.0,5.3849,12.0,8.2753,12.0,1.0000
24.0,8.9027,24.0,5.6978,24.0,8.1581,24.0,1.0000
